parent rows (1->5)
kid cols (1->5)


0.330 0.270 0.188 0.129 0.080
0.240 0.238 0.216 0.177 0.127
0.180 0.198 0.218 0.215 0.187
0.137 0.162 0.206 0.239 0.254
0.116 0.126 0.171 0.237 0.347



transpose of the above


0.330 0.240 0.180 0.137 0.116
0.270 0.238 0.198 0.162 0.126
0.188 0.216 0.218 0.206 0.171
0.129 0.177 0.215 0.239 0.237
0.080 0.127 0.187 0.254 0.347